#e:/KeYan/Academic Roadmap/复杂网络级联失效仿真平台 —— 从零到项目实战/src/phase2_network_basics/01_networkx_basics.py
# GMT Thu Sep 24 02:39:28 2026
# 
0 1 2 3 4 5 6 7 10 13 18 21 25 41 43 49 53 54 62 67 68 74 94 95
1 5 8 12 31 32 43 47 51 69 70 94
2 4 6
3 4 13 14 18 19 27 29 34 36 44 46 50 65 75 78 81 86 96
4 5 9 10 11 12 16 20 21 25 29 30 34 37 38 52 55 56 58 62 67 69 72 74 78 84 85 93
5 6 7 8 9 11 15 16 17 18 20 23 24 31 33 38 44 56 71 72 79 80 83 85 86 91
6 7 8 11 12 13 24 26 28 39 40 43 45 46 51 57 64 66 76 77 83 91 93 99
7 9 10 14 15 19 20 21 25 30 33 41 44 49 56 58 64 74 82 86 87
8 14 22 35 39 58 61 71 80 83 88
9 26 42 57
10 17 19 23 24 40 48 53 60 63 66 95 98
11 90
12 15 22 29 46 47 50 51 55 68 97 98 99
13 35 59 79 97
14 16 17 27 30 32 48 59 87
15 89
16 22 28 48 53 61 66
17
18 88 91
19 33 52 76 90
20 23 73
21 69
22 27 31 34 45 68 71 92 93
23 57 76
24 39
25 26 36 45 47 60 65 82 84
26 28 36 73 88
27 37 38 80
28
29 42 63 70
30 32 54
31 67 84
32
33 55
34 35 37 40 52 63 64
35
36 42
37 78
38
39 41 79
40
41 49 65
42 81
43 59
44 54
45 50 89
46 72 92
47
48 87
49 60 73
50
51 75 96
52
53 97
54 61
55
56 70 99
57
58 82
59
60
61 62
62
63
64 75
65
66
67 94
68
69 77 95
70
71 77
72
73
74
75
76 81 85
77
78 90
79
80 96
81 89
82
83
84
85 92
86
87
88
89
90
91
92
93
94
95 98
96
97
98
99
